Word Profiles:
123.: 5 anagrams: 132. (1) 213. (1) 231. (1) 312. (1) 321. (1) 
124.: 5 anagrams: 142. (1) 214. (1) 241. (1) 412. (1) 421. (1) 
125.: 5 anagrams: 152. (1) 215. (1) 251. (1) 512. (1) 521. (1) 
126.: 5 anagrams: 162. (1) 216. (1) 261. (1) 612. (1) 621. (1) 
127.: 5 anagrams: 172. (1) 217. (1) 271. (1) 712. (1) 721. (1) 
128.: 5 anagrams: 182. (1) 218. (1) 281. (1) 812. (1) 821. (1) 
132.: 5 anagrams: 123. (1) 213. (1) 231. (1) 312. (1) 321. (1) 
134.: 5 anagrams: 143. (1) 314. (1) 341. (1) 413. (1) 431. (1) 
135.: 5 anagrams: 153. (1) 315. (1) 351. (1) 513. (1) 531. (1) 
136.: 5 anagrams: 163. (1) 316. (1) 361. (1) 613. (1) 631. (1) 
137.: 5 anagrams: 173. (1) 317. (1) 371. (1) 713. (1) 731. (1) 
142.: 5 anagrams: 124. (1) 214. (1) 241. (1) 412. (1) 421. (1) 
143.: 5 anagrams: 134. (1) 314. (1) 341. (1) 413. (1) 431. (1) 
145.: 5 anagrams: 154. (1) 415. (1) 451. (1) 514. (1) 541. (1) 
146.: 5 anagrams: 164. (1) 416. (1) 461. (1) 614. (1) 641. (1) 
147.: 5 anagrams: 174. (1) 417. (1) 471. (1) 714. (1) 741. (1) 
152.: 5 anagrams: 125. (1) 215. (1) 251. (1) 512. (1) 521. (1) 
153.: 5 anagrams: 135. (1) 315. (1) 351. (1) 513. (1) 531. (1) 
154.: 5 anagrams: 145. (1) 415. (1) 451. (1) 514. (1) 541. (1) 
156.: 5 anagrams: 165. (1) 516. (1) 561. (1) 615. (1) 651. (1) 
157.: 5 anagrams: 175. (1) 517. (1) 571. (1) 715. (1) 751. (1) 
162.: 5 anagrams: 126. (1) 216. (1) 261. (1) 612. (1) 621. (1) 
163.: 5 anagrams: 136. (1) 316. (1) 361. (1) 613. (1) 631. (1) 
164.: 5 anagrams: 146. (1) 416. (1) 461. (1) 614. (1) 641. (1) 
165.: 5 anagrams: 156. (1) 516. (1) 561. (1) 615. (1) 651. (1) 
167.: 5 anagrams: 176. (1) 617. (1) 671. (1) 716. (1) 761. (1) 
172.: 5 anagrams: 127. (1) 217. (1) 271. (1) 712. (1) 721. (1) 
173.: 5 anagrams: 137. (1) 317. (1) 371. (1) 713. (1) 731. (1) 
174.: 5 anagrams: 147. (1) 417. (1) 471. (1) 714. (1) 741. (1) 
175.: 5 anagrams: 157. (1) 517. (1) 571. (1) 715. (1) 751. (1) 
176.: 5 anagrams: 167. (1) 617. (1) 671. (1) 716. (1) 761. (1) 
182.: 5 anagrams: 128. (1) 218. (1) 281. (1) 812. (1) 821. (1) 
213.: 5 anagrams: 123. (1) 132. (1) 231. (1) 312. (1) 321. (1) 
214.: 5 anagrams: 124. (1) 142. (1) 241. (1) 412. (1) 421. (1) 
215.: 5 anagrams: 125. (1) 152. (1) 251. (1) 512. (1) 521. (1) 
216.: 5 anagrams: 126. (1) 162. (1) 261. (1) 612. (1) 621. (1) 
217.: 5 anagrams: 127. (1) 172. (1) 271. (1) 712. (1) 721. (1) 
218.: 5 anagrams: 128. (1) 182. (1) 281. (1) 812. (1) 821. (1) 
231.: 5 anagrams: 123. (1) 132. (1) 213. (1) 312. (1) 321. (1) 
234.: 5 anagrams: 243. (1) 324. (1) 342. (1) 423. (1) 432. (1) 
235.: 5 anagrams: 253. (1) 325. (1) 352. (1) 523. (1) 532. (1) 
236.: 5 anagrams: 263. (1) 326. (1) 362. (1) 623. (1) 632. (1) 
237.: 5 anagrams: 273. (1) 327. (1) 372. (1) 723. (1) 732. (1) 
241.: 5 anagrams: 124. (1) 142. (1) 214. (1) 412. (1) 421. (1) 
243.: 5 anagrams: 234. (1) 324. (1) 342. (1) 423. (1) 432. (1) 
245.: 5 anagrams: 254. (1) 425. (1) 452. (1) 524. (1) 542. (1) 
246.: 5 anagrams: 264. (1) 426. (1) 462. (1) 624. (1) 642. (1) 
247.: 5 anagrams: 274. (1) 427. (1) 472. (1) 724. (1) 742. (1) 
251.: 5 anagrams: 125. (1) 152. (1) 215. (1) 512. (1) 521. (1) 
253.: 5 anagrams: 235. (1) 325. (1) 352. (1) 523. (1) 532. (1) 
254.: 5 anagrams: 245. (1) 425. (1) 452. (1) 524. (1) 542. (1) 
256.: 5 anagrams: 265. (1) 526. (1) 562. (1) 625. (1) 652. (1) 
257.: 5 anagrams: 275. (1) 527. (1) 572. (1) 725. (1) 752. (1) 
261.: 5 anagrams: 126. (1) 162. (1) 216. (1) 612. (1) 621. (1) 
263.: 5 anagrams: 236. (1) 326. (1) 362. (1) 623. (1) 632. (1) 
264.: 5 anagrams: 246. (1) 426. (1) 462. (1) 624. (1) 642. (1) 
265.: 5 anagrams: 256. (1) 526. (1) 562. (1) 625. (1) 652. (1) 
267.: 5 anagrams: 276. (1) 627. (1) 672. (1) 726. (1) 762. (1) 
271.: 5 anagrams: 127. (1) 172. (1) 217. (1) 712. (1) 721. (1) 
273.: 5 anagrams: 237. (1) 327. (1) 372. (1) 723. (1) 732. (1) 
274.: 5 anagrams: 247. (1) 427. (1) 472. (1) 724. (1) 742. (1) 
275.: 5 anagrams: 257. (1) 527. (1) 572. (1) 725. (1) 752. (1) 
276.: 5 anagrams: 267. (1) 627. (1) 672. (1) 726. (1) 762. (1) 
281.: 5 anagrams: 128. (1) 182. (1) 218. (1) 812. (1) 821. (1) 
312.: 5 anagrams: 123. (1) 132. (1) 213. (1) 231. (1) 321. (1) 
314.: 5 anagrams: 134. (1) 143. (1) 341. (1) 413. (1) 431. (1) 
315.: 5 anagrams: 135. (1) 153. (1) 351. (1) 513. (1) 531. (1) 
316.: 5 anagrams: 136. (1) 163. (1) 361. (1) 613. (1) 631. (1) 
317.: 5 anagrams: 137. (1) 173. (1) 371. (1) 713. (1) 731. (1) 
321.: 5 anagrams: 123. (1) 132. (1) 213. (1) 231. (1) 312. (1) 
324.: 5 anagrams: 234. (1) 243. (1) 342. (1) 423. (1) 432. (1) 
325.: 5 anagrams: 235. (1) 253. (1) 352. (1) 523. (1) 532. (1) 
326.: 5 anagrams: 236. (1) 263. (1) 362. (1) 623. (1) 632. (1) 
327.: 5 anagrams: 237. (1) 273. (1) 372. (1) 723. (1) 732. (1) 
341.: 5 anagrams: 134. (1) 143. (1) 314. (1) 413. (1) 431. (1) 
342.: 5 anagrams: 234. (1) 243. (1) 324. (1) 423. (1) 432. (1) 
345.: 5 anagrams: 354. (1) 435. (1) 453. (1) 534. (1) 543. (1) 
346.: 5 anagrams: 364. (1) 436. (1) 463. (1) 634. (1) 643. (1) 
347.: 5 anagrams: 374. (1) 437. (1) 473. (1) 734. (1) 743. (1) 
351.: 5 anagrams: 135. (1) 153. (1) 315. (1) 513. (1) 531. (1) 
352.: 5 anagrams: 235. (1) 253. (1) 325. (1) 523. (1) 532. (1) 
354.: 5 anagrams: 345. (1) 435. (1) 453. (1) 534. (1) 543. (1) 
356.: 5 anagrams: 365. (1) 536. (1) 563. (1) 635. (1) 653. (1) 
357.: 5 anagrams: 375. (1) 537. (1) 573. (1) 735. (1) 753. (1) 
361.: 5 anagrams: 136. (1) 163. (1) 316. (1) 613. (1) 631. (1) 
362.: 5 anagrams: 236. (1) 263. (1) 326. (1) 623. (1) 632. (1) 
364.: 5 anagrams: 346. (1) 436. (1) 463. (1) 634. (1) 643. (1) 
365.: 5 anagrams: 356. (1) 536. (1) 563. (1) 635. (1) 653. (1) 
367.: 5 anagrams: 376. (1) 637. (1) 673. (1) 736. (1) 763. (1) 
371.: 5 anagrams: 137. (1) 173. (1) 317. (1) 713. (1) 731. (1) 
372.: 5 anagrams: 237. (1) 273. (1) 327. (1) 723. (1) 732. (1) 
374.: 5 anagrams: 347. (1) 437. (1) 473. (1) 734. (1) 743. (1) 
375.: 5 anagrams: 357. (1) 537. (1) 573. (1) 735. (1) 753. (1) 
376.: 5 anagrams: 367. (1) 637. (1) 673. (1) 736. (1) 763. (1) 
412.: 5 anagrams: 124. (1) 142. (1) 214. (1) 241. (1) 421. (1) 
413.: 5 anagrams: 134. (1) 143. (1) 314. (1) 341. (1) 431. (1) 
415.: 5 anagrams: 145. (1) 154. (1) 451. (1) 514. (1) 541. (1) 
416.: 5 anagrams: 146. (1) 164. (1) 461. (1) 614. (1) 641. (1) 
417.: 5 anagrams: 147. (1) 174. (1) 471. (1) 714. (1) 741. (1) 
421.: 5 anagrams: 124. (1) 142. (1) 214. (1) 241. (1) 412. (1) 
423.: 5 anagrams: 234. (1) 243. (1) 324. (1) 342. (1) 432. (1) 
425.: 5 anagrams: 245. (1) 254. (1) 452. (1) 524. (1) 542. (1) 
426.: 5 anagrams: 246. (1) 264. (1) 462. (1) 624. (1) 642. (1) 
427.: 5 anagrams: 247. (1) 274. (1) 472. (1) 724. (1) 742. (1) 
431.: 5 anagrams: 134. (1) 143. (1) 314. (1) 341. (1) 413. (1) 
432.: 5 anagrams: 234. (1) 243. (1) 324. (1) 342. (1) 423. (1) 
435.: 5 anagrams: 345. (1) 354. (1) 453. (1) 534. (1) 543. (1) 
436.: 5 anagrams: 346. (1) 364. (1) 463. (1) 634. (1) 643. (1) 
437.: 5 anagrams: 347. (1) 374. (1) 473. (1) 734. (1) 743. (1) 
451.: 5 anagrams: 145. (1) 154. (1) 415. (1) 514. (1) 541. (1) 
452.: 5 anagrams: 245. (1) 254. (1) 425. (1) 524. (1) 542. (1) 
453.: 5 anagrams: 345. (1) 354. (1) 435. (1) 534. (1) 543. (1) 
456.: 5 anagrams: 465. (1) 546. (1) 564. (1) 645. (1) 654. (1) 
457.: 5 anagrams: 475. (1) 547. (1) 574. (1) 745. (1) 754. (1) 
461.: 5 anagrams: 146. (1) 164. (1) 416. (1) 614. (1) 641. (1) 
462.: 5 anagrams: 246. (1) 264. (1) 426. (1) 624. (1) 642. (1) 
463.: 5 anagrams: 346. (1) 364. (1) 436. (1) 634. (1) 643. (1) 
465.: 5 anagrams: 456. (1) 546. (1) 564. (1) 645. (1) 654. (1) 
467.: 5 anagrams: 476. (1) 647. (1) 674. (1) 746. (1) 764. (1) 
471.: 5 anagrams: 147. (1) 174. (1) 417. (1) 714. (1) 741. (1) 
472.: 5 anagrams: 247. (1) 274. (1) 427. (1) 724. (1) 742. (1) 
473.: 5 anagrams: 347. (1) 374. (1) 437. (1) 734. (1) 743. (1) 
475.: 5 anagrams: 457. (1) 547. (1) 574. (1) 745. (1) 754. (1) 
476.: 5 anagrams: 467. (1) 647. (1) 674. (1) 746. (1) 764. (1) 
512.: 5 anagrams: 125. (1) 152. (1) 215. (1) 251. (1) 521. (1) 
513.: 5 anagrams: 135. (1) 153. (1) 315. (1) 351. (1) 531. (1) 
514.: 5 anagrams: 145. (1) 154. (1) 415. (1) 451. (1) 541. (1) 
516.: 5 anagrams: 156. (1) 165. (1) 561. (1) 615. (1) 651. (1) 
517.: 5 anagrams: 157. (1) 175. (1) 571. (1) 715. (1) 751. (1) 
521.: 5 anagrams: 125. (1) 152. (1) 215. (1) 251. (1) 512. (1) 
523.: 5 anagrams: 235. (1) 253. (1) 325. (1) 352. (1) 532. (1) 
524.: 5 anagrams: 245. (1) 254. (1) 425. (1) 452. (1) 542. (1) 
526.: 5 anagrams: 256. (1) 265. (1) 562. (1) 625. (1) 652. (1) 
527.: 5 anagrams: 257. (1) 275. (1) 572. (1) 725. (1) 752. (1) 
531.: 5 anagrams: 135. (1) 153. (1) 315. (1) 351. (1) 513. (1) 
532.: 5 anagrams: 235. (1) 253. (1) 325. (1) 352. (1) 523. (1) 
534.: 5 anagrams: 345. (1) 354. (1) 435. (1) 453. (1) 543. (1) 
536.: 5 anagrams: 356. (1) 365. (1) 563. (1) 635. (1) 653. (1) 
537.: 5 anagrams: 357. (1) 375. (1) 573. (1) 735. (1) 753. (1) 
541.: 5 anagrams: 145. (1) 154. (1) 415. (1) 451. (1) 514. (1) 
542.: 5 anagrams: 245. (1) 254. (1) 425. (1) 452. (1) 524. (1) 
543.: 5 anagrams: 345. (1) 354. (1) 435. (1) 453. (1) 534. (1) 
546.: 5 anagrams: 456. (1) 465. (1) 564. (1) 645. (1) 654. (1) 
547.: 5 anagrams: 457. (1) 475. (1) 574. (1) 745. (1) 754. (1) 
561.: 5 anagrams: 156. (1) 165. (1) 516. (1) 615. (1) 651. (1) 
562.: 5 anagrams: 256. (1) 265. (1) 526. (1) 625. (1) 652. (1) 
563.: 5 anagrams: 356. (1) 365. (1) 536. (1) 635. (1) 653. (1) 
564.: 5 anagrams: 456. (1) 465. (1) 546. (1) 645. (1) 654. (1) 
567.: 5 anagrams: 576. (1) 657. (1) 675. (1) 756. (1) 765. (1) 
571.: 5 anagrams: 157. (1) 175. (1) 517. (1) 715. (1) 751. (1) 
572.: 5 anagrams: 257. (1) 275. (1) 527. (1) 725. (1) 752. (1) 
573.: 5 anagrams: 357. (1) 375. (1) 537. (1) 735. (1) 753. (1) 
574.: 5 anagrams: 457. (1) 475. (1) 547. (1) 745. (1) 754. (1) 
576.: 5 anagrams: 567. (1) 657. (1) 675. (1) 756. (1) 765. (1) 
612.: 5 anagrams: 126. (1) 162. (1) 216. (1) 261. (1) 621. (1) 
613.: 5 anagrams: 136. (1) 163. (1) 316. (1) 361. (1) 631. (1) 
614.: 5 anagrams: 146. (1) 164. (1) 416. (1) 461. (1) 641. (1) 
615.: 5 anagrams: 156. (1) 165. (1) 516. (1) 561. (1) 651. (1) 
617.: 5 anagrams: 167. (1) 176. (1) 671. (1) 716. (1) 761. (1) 
621.: 5 anagrams: 126. (1) 162. (1) 216. (1) 261. (1) 612. (1) 
623.: 5 anagrams: 236. (1) 263. (1) 326. (1) 362. (1) 632. (1) 
624.: 5 anagrams: 246. (1) 264. (1) 426. (1) 462. (1) 642. (1) 
625.: 5 anagrams: 256. (1) 265. (1) 526. (1) 562. (1) 652. (1) 
627.: 5 anagrams: 267. (1) 276. (1) 672. (1) 726. (1) 762. (1) 
631.: 5 anagrams: 136. (1) 163. (1) 316. (1) 361. (1) 613. (1) 
632.: 5 anagrams: 236. (1) 263. (1) 326. (1) 362. (1) 623. (1) 
634.: 5 anagrams: 346. (1) 364. (1) 436. (1) 463. (1) 643. (1) 
635.: 5 anagrams: 356. (1) 365. (1) 536. (1) 563. (1) 653. (1) 
637.: 5 anagrams: 367. (1) 376. (1) 673. (1) 736. (1) 763. (1) 
641.: 5 anagrams: 146. (1) 164. (1) 416. (1) 461. (1) 614. (1) 
642.: 5 anagrams: 246. (1) 264. (1) 426. (1) 462. (1) 624. (1) 
643.: 5 anagrams: 346. (1) 364. (1) 436. (1) 463. (1) 634. (1) 
645.: 5 anagrams: 456. (1) 465. (1) 546. (1) 564. (1) 654. (1) 
647.: 5 anagrams: 467. (1) 476. (1) 674. (1) 746. (1) 764. (1) 
651.: 5 anagrams: 156. (1) 165. (1) 516. (1) 561. (1) 615. (1) 
652.: 5 anagrams: 256. (1) 265. (1) 526. (1) 562. (1) 625. (1) 
653.: 5 anagrams: 356. (1) 365. (1) 536. (1) 563. (1) 635. (1) 
654.: 5 anagrams: 456. (1) 465. (1) 546. (1) 564. (1) 645. (1) 
657.: 5 anagrams: 567. (1) 576. (1) 675. (1) 756. (1) 765. (1) 
671.: 5 anagrams: 167. (1) 176. (1) 617. (1) 716. (1) 761. (1) 
672.: 5 anagrams: 267. (1) 276. (1) 627. (1) 726. (1) 762. (1) 
673.: 5 anagrams: 367. (1) 376. (1) 637. (1) 736. (1) 763. (1) 
674.: 5 anagrams: 467. (1) 476. (1) 647. (1) 746. (1) 764. (1) 
675.: 5 anagrams: 567. (1) 576. (1) 657. (1) 756. (1) 765. (1) 
712.: 5 anagrams: 127. (1) 172. (1) 217. (1) 271. (1) 721. (1) 
713.: 5 anagrams: 137. (1) 173. (1) 317. (1) 371. (1) 731. (1) 
714.: 5 anagrams: 147. (1) 174. (1) 417. (1) 471. (1) 741. (1) 
715.: 5 anagrams: 157. (1) 175. (1) 517. (1) 571. (1) 751. (1) 
716.: 5 anagrams: 167. (1) 176. (1) 617. (1) 671. (1) 761. (1) 
721.: 5 anagrams: 127. (1) 172. (1) 217. (1) 271. (1) 712. (1) 
723.: 5 anagrams: 237. (1) 273. (1) 327. (1) 372. (1) 732. (1) 
724.: 5 anagrams: 247. (1) 274. (1) 427. (1) 472. (1) 742. (1) 
725.: 5 anagrams: 257. (1) 275. (1) 527. (1) 572. (1) 752. (1) 
726.: 5 anagrams: 267. (1) 276. (1) 627. (1) 672. (1) 762. (1) 
731.: 5 anagrams: 137. (1) 173. (1) 317. (1) 371. (1) 713. (1) 
732.: 5 anagrams: 237. (1) 273. (1) 327. (1) 372. (1) 723. (1) 
734.: 5 anagrams: 347. (1) 374. (1) 437. (1) 473. (1) 743. (1) 
735.: 5 anagrams: 357. (1) 375. (1) 537. (1) 573. (1) 753. (1) 
736.: 5 anagrams: 367. (1) 376. (1) 637. (1) 673. (1) 763. (1) 
741.: 5 anagrams: 147. (1) 174. (1) 417. (1) 471. (1) 714. (1) 
742.: 5 anagrams: 247. (1) 274. (1) 427. (1) 472. (1) 724. (1) 
743.: 5 anagrams: 347. (1) 374. (1) 437. (1) 473. (1) 734. (1) 
745.: 5 anagrams: 457. (1) 475. (1) 547. (1) 574. (1) 754. (1) 
746.: 5 anagrams: 467. (1) 476. (1) 647. (1) 674. (1) 764. (1) 
751.: 5 anagrams: 157. (1) 175. (1) 517. (1) 571. (1) 715. (1) 
752.: 5 anagrams: 257. (1) 275. (1) 527. (1) 572. (1) 725. (1) 
753.: 5 anagrams: 357. (1) 375. (1) 537. (1) 573. (1) 735. (1) 
754.: 5 anagrams: 457. (1) 475. (1) 547. (1) 574. (1) 745. (1) 
756.: 5 anagrams: 567. (1) 576. (1) 657. (1) 675. (1) 765. (1) 
761.: 5 anagrams: 167. (1) 176. (1) 617. (1) 671. (1) 716. (1) 
762.: 5 anagrams: 267. (1) 276. (1) 627. (1) 672. (1) 726. (1) 
763.: 5 anagrams: 367. (1) 376. (1) 637. (1) 673. (1) 736. (1) 
764.: 5 anagrams: 467. (1) 476. (1) 647. (1) 674. (1) 746. (1) 
765.: 5 anagrams: 567. (1) 576. (1) 657. (1) 675. (1) 756. (1) 
812.: 5 anagrams: 128. (1) 182. (1) 218. (1) 281. (1) 821. (1) 
821.: 5 anagrams: 128. (1) 182. (1) 218. (1) 281. (1) 812. (1) 
138.: 4 anagrams: 183. (1) 318. (1) 381. (1) 813. (1) 
148.: 4 anagrams: 184. (1) 418. (1) 481. (1) 814. (1) 
158.: 4 anagrams: 185. (1) 518. (1) 581. (1) 815. (1) 
168.: 4 anagrams: 186. (1) 618. (1) 681. (1) 816. (1) 
178.: 4 anagrams: 187. (1) 718. (1) 781. (1) 817. (1) 
183.: 4 anagrams: 138. (1) 318. (1) 381. (1) 813. (1) 
184.: 4 anagrams: 148. (1) 418. (1) 481. (1) 814. (1) 
185.: 4 anagrams: 158. (1) 518. (1) 581. (1) 815. (1) 
186.: 4 anagrams: 168. (1) 618. (1) 681. (1) 816. (1) 
187.: 4 anagrams: 178. (1) 718. (1) 781. (1) 817. (1) 
238.: 4 anagrams: 283. (1) 328. (1) 382. (1) 823. (1) 
248.: 4 anagrams: 284. (1) 428. (1) 482. (1) 824. (1) 
258.: 4 anagrams: 285. (1) 528. (1) 582. (1) 825. (1) 
268.: 4 anagrams: 286. (1) 628. (1) 682. (1) 826. (1) 
278.: 4 anagrams: 287. (1) 728. (1) 782. (1) 827. (1) 
283.: 4 anagrams: 238. (1) 328. (1) 382. (1) 823. (1) 
284.: 4 anagrams: 248. (1) 428. (1) 482. (1) 824. (1) 
285.: 4 anagrams: 258. (1) 528. (1) 582. (1) 825. (1) 
286.: 4 anagrams: 268. (1) 628. (1) 682. (1) 826. (1) 
287.: 4 anagrams: 278. (1) 728. (1) 782. (1) 827. (1) 
318.: 4 anagrams: 138. (1) 183. (1) 381. (1) 813. (1) 
328.: 4 anagrams: 238. (1) 283. (1) 382. (1) 823. (1) 
381.: 4 anagrams: 138. (1) 183. (1) 318. (1) 813. (1) 
382.: 4 anagrams: 238. (1) 283. (1) 328. (1) 823. (1) 
418.: 4 anagrams: 148. (1) 184. (1) 481. (1) 814. (1) 
428.: 4 anagrams: 248. (1) 284. (1) 482. (1) 824. (1) 
481.: 4 anagrams: 148. (1) 184. (1) 418. (1) 814. (1) 
482.: 4 anagrams: 248. (1) 284. (1) 428. (1) 824. (1) 
518.: 4 anagrams: 158. (1) 185. (1) 581. (1) 815. (1) 
528.: 4 anagrams: 258. (1) 285. (1) 582. (1) 825. (1) 
581.: 4 anagrams: 158. (1) 185. (1) 518. (1) 815. (1) 
582.: 4 anagrams: 258. (1) 285. (1) 528. (1) 825. (1) 
618.: 4 anagrams: 168. (1) 186. (1) 681. (1) 816. (1) 
628.: 4 anagrams: 268. (1) 286. (1) 682. (1) 826. (1) 
681.: 4 anagrams: 168. (1) 186. (1) 618. (1) 816. (1) 
682.: 4 anagrams: 268. (1) 286. (1) 628. (1) 826. (1) 
718.: 4 anagrams: 178. (1) 187. (1) 781. (1) 817. (1) 
728.: 4 anagrams: 278. (1) 287. (1) 782. (1) 827. (1) 
781.: 4 anagrams: 178. (1) 187. (1) 718. (1) 817. (1) 
782.: 4 anagrams: 278. (1) 287. (1) 728. (1) 827. (1) 
813.: 4 anagrams: 138. (1) 183. (1) 318. (1) 381. (1) 
814.: 4 anagrams: 148. (1) 184. (1) 418. (1) 481. (1) 
815.: 4 anagrams: 158. (1) 185. (1) 518. (1) 581. (1) 
816.: 4 anagrams: 168. (1) 186. (1) 618. (1) 681. (1) 
817.: 4 anagrams: 178. (1) 187. (1) 718. (1) 781. (1) 
823.: 4 anagrams: 238. (1) 283. (1) 328. (1) 382. (1) 
824.: 4 anagrams: 248. (1) 284. (1) 428. (1) 482. (1) 
825.: 4 anagrams: 258. (1) 285. (1) 528. (1) 582. (1) 
826.: 4 anagrams: 268. (1) 286. (1) 628. (1) 682. (1) 
827.: 4 anagrams: 278. (1) 287. (1) 728. (1) 782. (1) 
102.: 3 anagrams: 120. (1) 201. (1) 210. (1) 
103.: 3 anagrams: 130. (1) 301. (1) 310. (1) 
104.: 3 anagrams: 140. (1) 401. (2) 410. (1) 
105.: 3 anagrams: 150. (1) 501. (1) 510. (1) 
106.: 3 anagrams: 160. (1) 601. (1) 610. (1) 
107.: 3 anagrams: 170. (1) 701. (1) 710. (1) 
108.: 3 anagrams: 180. (1) 801. (1) 810. (1) 
120.: 3 anagrams: 102. (1) 201. (1) 210. (1) 
129.: 3 anagrams: 192. (1) 219. (1) 291. (1) 
130.: 3 anagrams: 103. (1) 301. (1) 310. (1) 
139.: 3 anagrams: 193. (1) 319. (1) 391. (1) 
140.: 3 anagrams: 104. (1) 401. (2) 410. (1) 
149.: 3 anagrams: 194. (1) 419. (1) 491. (1) 
150.: 3 anagrams: 105. (1) 501. (1) 510. (1) 
159.: 3 anagrams: 195. (1) 519. (1) 591. (1) 
160.: 3 anagrams: 106. (1) 601. (1) 610. (1) 
169.: 3 anagrams: 196. (1) 619. (1) 691. (1) 
170.: 3 anagrams: 107. (1) 701. (1) 710. (1) 
179.: 3 anagrams: 197. (1) 719. (1) 791. (1) 
180.: 3 anagrams: 108. (1) 801. (1) 810. (1) 
192.: 3 anagrams: 129. (1) 219. (1) 291. (1) 
193.: 3 anagrams: 139. (1) 319. (1) 391. (1) 
194.: 3 anagrams: 149. (1) 419. (1) 491. (1) 
195.: 3 anagrams: 159. (1) 519. (1) 591. (1) 
196.: 3 anagrams: 169. (1) 619. (1) 691. (1) 
197.: 3 anagrams: 179. (1) 719. (1) 791. (1) 
201.: 3 anagrams: 102. (1) 120. (1) 210. (1) 
203.: 3 anagrams: 230. (1) 302. (1) 320. (1) 
204.: 3 anagrams: 240. (1) 402. (1) 420. (1) 
205.: 3 anagrams: 250. (1) 502. (1) 520. (1) 
206.: 3 anagrams: 260. (1) 602. (1) 620. (1) 
207.: 3 anagrams: 270. (1) 702. (1) 720. (1) 
208.: 3 anagrams: 280. (1) 802. (1) 820. (1) 
210.: 3 anagrams: 102. (1) 120. (1) 201. (1) 
219.: 3 anagrams: 129. (1) 192. (1) 291. (1) 
230.: 3 anagrams: 203. (1) 302. (1) 320. (1) 
239.: 3 anagrams: 293. (1) 329. (1) 392. (1) 
240.: 3 anagrams: 204. (1) 402. (1) 420. (1) 
249.: 3 anagrams: 294. (1) 429. (1) 492. (1) 
250.: 3 anagrams: 205. (1) 502. (1) 520. (1) 
259.: 3 anagrams: 295. (1) 529. (1) 592. (1) 
260.: 3 anagrams: 206. (1) 602. (1) 620. (1) 
269.: 3 anagrams: 296. (1) 629. (1) 692. (1) 
270.: 3 anagrams: 207. (1) 702. (1) 720. (1) 
279.: 3 anagrams: 297. (1) 729. (1) 792. (1) 
280.: 3 anagrams: 208. (1) 802. (1) 820. (1) 
291.: 3 anagrams: 129. (1) 192. (1) 219. (1) 
293.: 3 anagrams: 239. (1) 329. (1) 392. (1) 
294.: 3 anagrams: 249. (1) 429. (1) 492. (1) 
295.: 3 anagrams: 259. (1) 529. (1) 592. (1) 
296.: 3 anagrams: 269. (1) 629. (1) 692. (1) 
297.: 3 anagrams: 279. (1) 729. (1) 792. (1) 
301.: 3 anagrams: 103. (1) 130. (1) 310. (1) 
302.: 3 anagrams: 203. (1) 230. (1) 320. (1) 
304.: 3 anagrams: 340. (1) 403. (1) 430. (1) 
305.: 3 anagrams: 350. (1) 503. (1) 530. (1) 
306.: 3 anagrams: 360. (1) 603. (1) 630. (1) 
307.: 3 anagrams: 370. (1) 703. (1) 730. (1) 
308.: 3 anagrams: 380. (1) 803. (1) 830. (1) 
310.: 3 anagrams: 103. (1) 130. (1) 301. (1) 
319.: 3 anagrams: 139. (1) 193. (1) 391. (1) 
320.: 3 anagrams: 203. (1) 230. (1) 302. (1) 
329.: 3 anagrams: 239. (1) 293. (1) 392. (1) 
340.: 3 anagrams: 304. (1) 403. (1) 430. (1) 
348.: 3 anagrams: 384. (1) 438. (1) 483. (1) 
349.: 3 anagrams: 394. (1) 439. (1) 493. (1) 
350.: 3 anagrams: 305. (1) 503. (1) 530. (1) 
358.: 3 anagrams: 385. (1) 538. (1) 583. (1) 
359.: 3 anagrams: 395. (1) 539. (1) 593. (1) 
360.: 3 anagrams: 306. (1) 603. (1) 630. (1) 
368.: 3 anagrams: 386. (1) 638. (1) 683. (1) 
369.: 3 anagrams: 396. (1) 639. (1) 693. (1) 
370.: 3 anagrams: 307. (1) 703. (1) 730. (1) 
378.: 3 anagrams: 387. (1) 738. (1) 783. (1) 
379.: 3 anagrams: 397. (1) 739. (1) 793. (1) 
380.: 3 anagrams: 308. (1) 803. (1) 830. (1) 
384.: 3 anagrams: 348. (1) 438. (1) 483. (1) 
385.: 3 anagrams: 358. (1) 538. (1) 583. (1) 
386.: 3 anagrams: 368. (1) 638. (1) 683. (1) 
387.: 3 anagrams: 378. (1) 738. (1) 783. (1) 
391.: 3 anagrams: 139. (1) 193. (1) 319. (1) 
392.: 3 anagrams: 239. (1) 293. (1) 329. (1) 
394.: 3 anagrams: 349. (1) 439. (1) 493. (1) 
395.: 3 anagrams: 359. (1) 539. (1) 593. (1) 
396.: 3 anagrams: 369. (1) 639. (1) 693. (1) 
397.: 3 anagrams: 379. (1) 739. (1) 793. (1) 
401.: 3 anagrams: 104. (1) 140. (1) 410. (1) 
402.: 3 anagrams: 204. (1) 240. (1) 420. (1) 
403.: 3 anagrams: 304. (1) 340. (1) 430. (1) 
405.: 3 anagrams: 450. (1) 504. (1) 540. (1) 
406.: 3 anagrams: 460. (1) 604. (1) 640. (1) 
407.: 3 anagrams: 470. (1) 704. (1) 740. (1) 
410.: 3 anagrams: 104. (1) 140. (1) 401. (2) 
419.: 3 anagrams: 149. (1) 194. (1) 491. (1) 
420.: 3 anagrams: 204. (1) 240. (1) 402. (1) 
421: 3 anagrams: 142 (6) 124 (3) 214 (4) 
429.: 3 anagrams: 249. (1) 294. (1) 492. (1) 
430.: 3 anagrams: 304. (1) 340. (1) 403. (1) 
438.: 3 anagrams: 348. (1) 384. (1) 483. (1) 
439.: 3 anagrams: 349. (1) 394. (1) 493. (1) 
450.: 3 anagrams: 405. (1) 504. (1) 540. (1) 
458.: 3 anagrams: 485. (1) 548. (1) 584. (1) 
459.: 3 anagrams: 495. (1) 549. (1) 594. (1) 
460.: 3 anagrams: 406. (1) 604. (1) 640. (1) 
468.: 3 anagrams: 486. (1) 648. (1) 684. (1) 
469.: 3 anagrams: 496. (1) 649. (1) 694. (1) 
470.: 3 anagrams: 407. (1) 704. (1) 740. (1) 
478.: 3 anagrams: 487. (1) 748. (1) 784. (1) 
479.: 3 anagrams: 497. (1) 749. (1) 794. (1) 
483.: 3 anagrams: 348. (1) 384. (1) 438. (1) 
485.: 3 anagrams: 458. (1) 548. (1) 584. (1) 
486.: 3 anagrams: 468. (1) 648. (1) 684. (1) 
487.: 3 anagrams: 478. (1) 748. (1) 784. (1) 
491.: 3 anagrams: 149. (1) 194. (1) 419. (1) 
492.: 3 anagrams: 249. (1) 294. (1) 429. (1) 
493.: 3 anagrams: 349. (1) 394. (1) 439. (1) 
495.: 3 anagrams: 459. (1) 549. (1) 594. (1) 
496.: 3 anagrams: 469. (1) 649. (1) 694. (1) 
497.: 3 anagrams: 479. (1) 749. (1) 794. (1) 
501.: 3 anagrams: 105. (1) 150. (1) 510. (1) 
502.: 3 anagrams: 205. (1) 250. (1) 520. (1) 
503.: 3 anagrams: 305. (1) 350. (1) 530. (1) 
504.: 3 anagrams: 405. (1) 450. (1) 540. (1) 
506.: 3 anagrams: 560. (1) 605. (1) 650. (1) 
507.: 3 anagrams: 570. (1) 705. (1) 750. (1) 
510.: 3 anagrams: 105. (1) 150. (1) 501. (1) 
519.: 3 anagrams: 159. (1) 195. (1) 591. (1) 
520.: 3 anagrams: 205. (1) 250. (1) 502. (1) 
529.: 3 anagrams: 259. (1) 295. (1) 592. (1) 
530.: 3 anagrams: 305. (1) 350. (1) 503. (1) 
538.: 3 anagrams: 358. (1) 385. (1) 583. (1) 
539.: 3 anagrams: 359. (1) 395. (1) 593. (1) 
540.: 3 anagrams: 405. (1) 450. (1) 504. (1) 
548.: 3 anagrams: 458. (1) 485. (1) 584. (1) 
549.: 3 anagrams: 459. (1) 495. (1) 594. (1) 
560.: 3 anagrams: 506. (1) 605. (1) 650. (1) 
568.: 3 anagrams: 586. (1) 658. (1) 685. (1) 
569.: 3 anagrams: 596. (1) 659. (1) 695. (1) 
570.: 3 anagrams: 507. (1) 705. (1) 750. (1) 
578.: 3 anagrams: 587. (1) 758. (1) 785. (1) 
579.: 3 anagrams: 597. (1) 759. (1) 795. (1) 
583.: 3 anagrams: 358. (1) 385. (1) 538. (1) 
584.: 3 anagrams: 458. (1) 485. (1) 548. (1) 
586.: 3 anagrams: 568. (1) 658. (1) 685. (1) 
587.: 3 anagrams: 578. (1) 758. (1) 785. (1) 
591.: 3 anagrams: 159. (1) 195. (1) 519. (1) 
592.: 3 anagrams: 259. (1) 295. (1) 529. (1) 
593.: 3 anagrams: 359. (1) 395. (1) 539. (1) 
594.: 3 anagrams: 459. (1) 495. (1) 549. (1) 
596.: 3 anagrams: 569. (1) 659. (1) 695. (1) 
597.: 3 anagrams: 579. (1) 759. (1) 795. (1) 
601.: 3 anagrams: 106. (1) 160. (1) 610. (1) 
602.: 3 anagrams: 206. (1) 260. (1) 620. (1) 
603.: 3 anagrams: 306. (1) 360. (1) 630. (1) 
604.: 3 anagrams: 406. (1) 460. (1) 640. (1) 
605.: 3 anagrams: 506. (1) 560. (1) 650. (1) 
607.: 3 anagrams: 670. (1) 706. (1) 760. (1) 
610.: 3 anagrams: 106. (1) 160. (1) 601. (1) 
619.: 3 anagrams: 169. (1) 196. (1) 691. (1) 
620.: 3 anagrams: 206. (1) 260. (1) 602. (1) 
629.: 3 anagrams: 269. (1) 296. (1) 692. (1) 
630.: 3 anagrams: 306. (1) 360. (1) 603. (1) 
638.: 3 anagrams: 368. (1) 386. (1) 683. (1) 
639.: 3 anagrams: 369. (1) 396. (1) 693. (1) 
640.: 3 anagrams: 406. (1) 460. (1) 604. (1) 
648.: 3 anagrams: 468. (1) 486. (1) 684. (1) 
649.: 3 anagrams: 469. (1) 496. (1) 694. (1) 
650.: 3 anagrams: 506. (1) 560. (1) 605. (1) 
658.: 3 anagrams: 568. (1) 586. (1) 685. (1) 
659.: 3 anagrams: 569. (1) 596. (1) 695. (1) 
670.: 3 anagrams: 607. (1) 706. (1) 760. (1) 
678.: 3 anagrams: 687. (1) 768. (1) 786. (1) 
679.: 3 anagrams: 697. (1) 769. (1) 796. (1) 
683.: 3 anagrams: 368. (1) 386. (1) 638. (1) 
684.: 3 anagrams: 468. (1) 486. (1) 648. (1) 
685.: 3 anagrams: 568. (1) 586. (1) 658. (1) 
687.: 3 anagrams: 678. (1) 768. (1) 786. (1) 
691.: 3 anagrams: 169. (1) 196. (1) 619. (1) 
692.: 3 anagrams: 269. (1) 296. (1) 629. (1) 
693.: 3 anagrams: 369. (1) 396. (1) 639. (1) 
694.: 3 anagrams: 469. (1) 496. (1) 649. (1) 
695.: 3 anagrams: 569. (1) 596. (1) 659. (1) 
697.: 3 anagrams: 679. (1) 769. (1) 796. (1) 
701.: 3 anagrams: 107. (1) 170. (1) 710. (1) 
702.: 3 anagrams: 207. (1) 270. (1) 720. (1) 
703.: 3 anagrams: 307. (1) 370. (1) 730. (1) 
704.: 3 anagrams: 407. (1) 470. (1) 740. (1) 
705.: 3 anagrams: 507. (1) 570. (1) 750. (1) 
706.: 3 anagrams: 607. (1) 670. (1) 760. (1) 
710.: 3 anagrams: 107. (1) 170. (1) 701. (1) 
719.: 3 anagrams: 179. (1) 197. (1) 791. (1) 
720.: 3 anagrams: 207. (1) 270. (1) 702. (1) 
729.: 3 anagrams: 279. (1) 297. (1) 792. (1) 
730.: 3 anagrams: 307. (1) 370. (1) 703. (1) 
738.: 3 anagrams: 378. (1) 387. (1) 783. (1) 
739.: 3 anagrams: 379. (1) 397. (1) 793. (1) 
740.: 3 anagrams: 407. (1) 470. (1) 704. (1) 
748.: 3 anagrams: 478. (1) 487. (1) 784. (1) 
749.: 3 anagrams: 479. (1) 497. (1) 794. (1) 
750.: 3 anagrams: 507. (1) 570. (1) 705. (1) 
758.: 3 anagrams: 578. (1) 587. (1) 785. (1) 
759.: 3 anagrams: 579. (1) 597. (1) 795. (1) 
760.: 3 anagrams: 607. (1) 670. (1) 706. (1) 
768.: 3 anagrams: 678. (1) 687. (1) 786. (1) 
769.: 3 anagrams: 679. (1) 697. (1) 796. (1) 
783.: 3 anagrams: 378. (1) 387. (1) 738. (1) 
784.: 3 anagrams: 478. (1) 487. (1) 748. (1) 
785.: 3 anagrams: 578. (1) 587. (1) 758. (1) 
786.: 3 anagrams: 678. (1) 687. (1) 768. (1) 
791.: 3 anagrams: 179. (1) 197. (1) 719. (1) 
792.: 3 anagrams: 279. (1) 297. (1) 729. (1) 
793.: 3 anagrams: 379. (1) 397. (1) 739. (1) 
794.: 3 anagrams: 479. (1) 497. (1) 749. (1) 
795.: 3 anagrams: 579. (1) 597. (1) 759. (1) 
796.: 3 anagrams: 679. (1) 697. (1) 769. (1) 
801.: 3 anagrams: 108. (1) 180. (1) 810. (1) 
802.: 3 anagrams: 208. (1) 280. (1) 820. (1) 
803.: 3 anagrams: 308. (1) 380. (1) 830. (1) 
810.: 3 anagrams: 108. (1) 180. (1) 801. (1) 
820.: 3 anagrams: 208. (1) 280. (1) 802. (1) 
830.: 3 anagrams: 308. (1) 380. (1) 803. (1) 
142: 3 anagrams: 421 (1) 124 (3) 214 (4) 
201: 3 anagrams: 120 (4) 210 (5) 102 (3) 
120: 3 anagrams: 201 (5) 210 (5) 102 (3) 
210: 3 anagrams: 201 (5) 120 (4) 102 (3) 
124: 3 anagrams: 421 (1) 142 (6) 214 (4) 
214: 3 anagrams: 421 (1) 142 (6) 124 (3) 
102: 3 anagrams: 201 (5) 120 (4) 210 (5) 
112.: 2 anagrams: 121. (1) 211. (1) 
113.: 2 anagrams: 131. (1) 311. (1) 
114.: 2 anagrams: 141. (1) 411. (1) 
115.: 2 anagrams: 151. (1) 511. (1) 
116.: 2 anagrams: 161. (1) 611. (1) 
117.: 2 anagrams: 171. (1) 711. (1) 
118.: 2 anagrams: 181. (1) 811. (1) 
121.: 2 anagrams: 112. (1) 211. (1) 
122.: 2 anagrams: 212. (1) 221. (1) 
127: 2 anagrams: 217 (3) 172 (4) 
131.: 2 anagrams: 113. (1) 311. (1) 
133.: 2 anagrams: 313. (1) 331. (1) 
141.: 2 anagrams: 114. (1) 411. (1) 
144.: 2 anagrams: 414. (1) 441. (1) 
151.: 2 anagrams: 115. (1) 511. (1) 
155.: 2 anagrams: 515. (1) 551. (1) 
161.: 2 anagrams: 116. (1) 611. (1) 
166.: 2 anagrams: 616. (1) 661. (1) 
171.: 2 anagrams: 117. (1) 711. (1) 
177.: 2 anagrams: 717. (1) 771. (1) 
181.: 2 anagrams: 118. (1) 811. (1) 
189.: 2 anagrams: 198. (1) 819. (1) 
198.: 2 anagrams: 189. (1) 819. (1) 
211.: 2 anagrams: 112. (1) 121. (1) 
212.: 2 anagrams: 122. (1) 221. (1) 
221.: 2 anagrams: 122. (1) 212. (1) 
223.: 2 anagrams: 232. (1) 322. (1) 
224.: 2 anagrams: 242. (1) 422. (1) 
225.: 2 anagrams: 252. (1) 522. (1) 
226.: 2 anagrams: 262. (1) 622. (1) 
227.: 2 anagrams: 272. (1) 722. (1) 
228.: 2 anagrams: 282. (1) 822. (1) 
232.: 2 anagrams: 223. (1) 322. (1) 
233.: 2 anagrams: 323. (1) 332. (1) 
242.: 2 anagrams: 224. (1) 422. (1) 
244.: 2 anagrams: 424. (1) 442. (1) 
252.: 2 anagrams: 225. (1) 522. (1) 
255.: 2 anagrams: 525. (1) 552. (1) 
262.: 2 anagrams: 226. (1) 622. (1) 
266.: 2 anagrams: 626. (1) 662. (1) 
272.: 2 anagrams: 227. (1) 722. (1) 
277.: 2 anagrams: 727. (1) 772. (1) 
282.: 2 anagrams: 228. (1) 822. (1) 
289.: 2 anagrams: 298. (1) 829. (1) 
298.: 2 anagrams: 289. (1) 829. (1) 
311.: 2 anagrams: 113. (1) 131. (1) 
313.: 2 anagrams: 133. (1) 331. (1) 
322.: 2 anagrams: 223. (1) 232. (1) 
323.: 2 anagrams: 233. (1) 332. (1) 
331.: 2 anagrams: 133. (1) 313. (1) 
332.: 2 anagrams: 233. (1) 323. (1) 
334.: 2 anagrams: 343. (1) 433. (1) 
335.: 2 anagrams: 353. (1) 533. (1) 
336.: 2 anagrams: 363. (1) 633. (1) 
337.: 2 anagrams: 373. (1) 733. (1) 
343.: 2 anagrams: 334. (1) 433. (1) 
344.: 2 anagrams: 434. (1) 443. (1) 
353.: 2 anagrams: 335. (1) 533. (1) 
355.: 2 anagrams: 535. (1) 553. (1) 
363.: 2 anagrams: 336. (1) 633. (1) 
366.: 2 anagrams: 636. (1) 663. (1) 
373.: 2 anagrams: 337. (1) 733. (1) 
377.: 2 anagrams: 737. (1) 773. (1) 
408.: 2 anagrams: 480. (1) 804. (1) 
411.: 2 anagrams: 114. (1) 141. (1) 
414.: 2 anagrams: 144. (1) 441. (1) 
419: 2 anagrams: 194 (6) 149 (6) 
422.: 2 anagrams: 224. (1) 242. (1) 
424.: 2 anagrams: 244. (1) 442. (1) 
433.: 2 anagrams: 334. (1) 343. (1) 
434.: 2 anagrams: 344. (1) 443. (1) 
441.: 2 anagrams: 144. (1) 414. (1) 
442.: 2 anagrams: 244. (1) 424. (1) 
443.: 2 anagrams: 344. (1) 434. (1) 
445.: 2 anagrams: 454. (1) 544. (1) 
446.: 2 anagrams: 464. (1) 644. (1) 
447.: 2 anagrams: 474. (1) 744. (1) 
451: 2 anagrams: 145 (3) 154 (5) 
454.: 2 anagrams: 445. (1) 544. (1) 
455.: 2 anagrams: 545. (1) 554. (1) 
464.: 2 anagrams: 446. (1) 644. (1) 
466.: 2 anagrams: 646. (1) 664. (1) 
474.: 2 anagrams: 447. (1) 744. (1) 
477.: 2 anagrams: 747. (1) 774. (1) 
480.: 2 anagrams: 408. (1) 804. (1) 
508.: 2 anagrams: 580. (1) 805. (1) 
511.: 2 anagrams: 115. (1) 151. (1) 
515.: 2 anagrams: 155. (1) 551. (1) 
522.: 2 anagrams: 225. (1) 252. (1) 
525.: 2 anagrams: 255. (1) 552. (1) 
533.: 2 anagrams: 335. (1) 353. (1) 
535.: 2 anagrams: 355. (1) 553. (1) 
544.: 2 anagrams: 445. (1) 454. (1) 
545.: 2 anagrams: 455. (1) 554. (1) 
551.: 2 anagrams: 155. (1) 515. (1) 
552.: 2 anagrams: 255. (1) 525. (1) 
553.: 2 anagrams: 355. (1) 535. (1) 
554.: 2 anagrams: 455. (1) 545. (1) 
556.: 2 anagrams: 565. (1) 655. (1) 
557.: 2 anagrams: 575. (1) 755. (1) 
565.: 2 anagrams: 556. (1) 655. (1) 
566.: 2 anagrams: 656. (1) 665. (1) 
575.: 2 anagrams: 557. (1) 755. (1) 
577.: 2 anagrams: 757. (1) 775. (1) 
580.: 2 anagrams: 508. (1) 805. (1) 
608.: 2 anagrams: 680. (1) 806. (1) 
611.: 2 anagrams: 116. (1) 161. (1) 
616.: 2 anagrams: 166. (1) 661. (1) 
622.: 2 anagrams: 226. (1) 262. (1) 
626.: 2 anagrams: 266. (1) 662. (1) 
633.: 2 anagrams: 336. (1) 363. (1) 
636.: 2 anagrams: 366. (1) 663. (1) 
644.: 2 anagrams: 446. (1) 464. (1) 
646.: 2 anagrams: 466. (1) 664. (1) 
655.: 2 anagrams: 556. (1) 565. (1) 
656.: 2 anagrams: 566. (2) 665. (1) 
661.: 2 anagrams: 166. (1) 616. (1) 
662.: 2 anagrams: 266. (1) 626. (1) 
663.: 2 anagrams: 366. (1) 636. (1) 
664.: 2 anagrams: 466. (1) 646. (1) 
665.: 2 anagrams: 566. (2) 656. (1) 
667.: 2 anagrams: 676. (1) 766. (1) 
676.: 2 anagrams: 667. (1) 766. (1) 
677.: 2 anagrams: 767. (1) 776. (1) 
680.: 2 anagrams: 608. (1) 806. (1) 
708.: 2 anagrams: 780. (1) 807. (1) 
711.: 2 anagrams: 117. (1) 171. (1) 
717.: 2 anagrams: 177. (1) 771. (1) 
722.: 2 anagrams: 227. (1) 272. (1) 
727.: 2 anagrams: 277. (1) 772. (1) 
733.: 2 anagrams: 337. (1) 373. (1) 
737.: 2 anagrams: 377. (1) 773. (1) 
744.: 2 anagrams: 447. (1) 474. (1) 
747.: 2 anagrams: 477. (1) 774. (1) 
755.: 2 anagrams: 557. (1) 575. (1) 
757.: 2 anagrams: 577. (1) 775. (1) 
766.: 2 anagrams: 667. (1) 676. (1) 
767.: 2 anagrams: 677. (1) 776. (1) 
771.: 2 anagrams: 177. (1) 717. (1) 
772.: 2 anagrams: 277. (1) 727. (1) 
773.: 2 anagrams: 377. (1) 737. (1) 
774.: 2 anagrams: 477. (1) 747. (1) 
817: 2 anagrams: 187 (6) 178 (5) 
775.: 2 anagrams: 577. (1) 757. (1) 
776.: 2 anagrams: 677. (1) 767. (1) 
780.: 2 anagrams: 708. (1) 807. (1) 
804.: 2 anagrams: 408. (1) 480. (1) 
805.: 2 anagrams: 508. (1) 580. (1) 
806.: 2 anagrams: 608. (1) 680. (1) 
807.: 2 anagrams: 708. (1) 780. (1) 
811.: 2 anagrams: 118. (1) 181. (1) 
819.: 2 anagrams: 189. (1) 198. (1) 
822.: 2 anagrams: 228. (1) 282. (1) 
829.: 2 anagrams: 289. (1) 298. (1) 
221: 2 anagrams: 212 (8) 122 (2) 
218: 2 anagrams: 182 (5) 128 (4) 
216: 2 anagrams: 126 (2) 162 (3) 
152: 2 anagrams: 215 (6) 125 (2) 
217: 2 anagrams: 127 (5) 172 (4) 
112: 2 anagrams: 211 (3) 121 (3) 
211: 2 anagrams: 112 (4) 121 (3) 
145: 2 anagrams: 451 (1) 154 (5) 
194: 2 anagrams: 419 (1) 149 (6) 
182: 2 anagrams: 218 (6) 128 (4) 
149: 2 anagrams: 419 (1) 194 (6) 
212: 2 anagrams: 221 (4) 122 (2) 
154: 2 anagrams: 451 (1) 145 (3) 
121: 2 anagrams: 112 (4) 211 (3) 
219: 2 anagrams: 129 (2) 192 (3) 
122: 2 anagrams: 221 (4) 212 (8) 
123: 2 anagrams: 213 (5) 132 (4) 
213: 2 anagrams: 123 (4) 132 (4) 
187: 2 anagrams: 817 (2) 178 (5) 
126: 2 anagrams: 216 (4) 162 (3) 
128: 2 anagrams: 218 (6) 182 (5) 
129: 2 anagrams: 219 (7) 192 (3) 
172: 2 anagrams: 127 (5) 217 (3) 
215: 2 anagrams: 152 (4) 125 (2) 
192: 2 anagrams: 219 (7) 129 (2) 
178: 2 anagrams: 817 (2) 187 (6) 
162: 2 anagrams: 216 (4) 126 (2) 
132: 2 anagrams: 123 (4) 213 (5) 
125: 2 anagrams: 152 (4) 215 (6) 
126): 2 anagrams: 216) (1) 162) (2) 
216): 2 anagrams: 126) (2) 162) (2) 
162): 2 anagrams: 126) (2) 216) (1) 
Seiten: 1 anagrams: Steine (6) 
meine: 1 anagrams: einem (910) 
hier: 1 anagrams: ihre (7) 
einem: 1 anagrams: meine (2) 
falsche: 1 anagrams: flaches (1) 
ein: 1 anagrams: nie (3) 
eines: 1 anagrams: seine (5) 
manche: 1 anagrams: machen (2) 
sauern: 1 anagrams: sauren (53) 
welches: 1 anagrams: welsche (2) 
nachher: 1 anagrams: hernach (19) 
bilden,: 1 anagrams: blinde, (2) 
diese: 1 anagrams: siede (1) 
seine: 1 anagrams: eines (47) 
Drahtflechter: 1 anagrams: Drathflechter (1) 
(Drahtbinder,: 1 anagrams: (Drathbinder, (1) 
ihre: 1 anagrams: hier (9) 
seiner: 1 anagrams: reines (11) 
ihn: 1 anagrams: hin (2) 
nie: 1 anagrams: ein (1619) 
einer: 1 anagrams: reine (4) 
hin: 1 anagrams: ihn (562) 
sein: 1 anagrams: eins (6) 
IV.: 1 anagrams: VI. (1) 
saure: 1 anagrams: sauer (3) 
sauren: 1 anagrams: sauern (6) 
gemeine: 1 anagrams: eigenem (1) 
feiner: 1 anagrams: reifen (2) 
diesen: 1 anagrams: sieden (1) 
VI.: 1 anagrams: IV. (1) 
nachdem: 1 anagrams: demnach (1) 
Bier: 1 anagrams: Brei (27) 
sieden: 1 anagrams: diesen (59) 
machen: 1 anagrams: manche (2) 
~Anmerkung.~: 1 anagrams: ~Anmerkung~. (2) 
demnach: 1 anagrams: nachdem (27) 
sauer: 1 anagrams: saure (3) 
36: 1 anagrams: 63 (6) 
12: 1 anagrams: 21 (6) 
flaches: 1 anagrams: falsche (1) 
Bier,: 1 anagrams: Brei, (15) 
Brei: 1 anagrams: Bier (5) 
treibe: 1 anagrams: breite (9) 
12.: 1 anagrams: 21. (1) 
hernach: 1 anagrams: nachher (6) 
13.: 1 anagrams: 31. (1) 
14.: 1 anagrams: 41. (1) 
fingerlanges: 1 anagrams: fingerslange (4) 
15.: 1 anagrams: 51. (1) 
16.: 1 anagrams: 61. (1) 
17.: 1 anagrams: 71. (1) 
18.: 1 anagrams: 81. (1) 
breit: 1 anagrams: reibt (91) 
19.: 1 anagrams: 91. (1) 
21.: 1 anagrams: 12. (1) 
23.: 1 anagrams: 32. (1) 
24.: 1 anagrams: 42. (1) 
25.: 1 anagrams: 52. (1) 
26.: 1 anagrams: 62. (1) 
27.: 1 anagrams: 72. (1) 
treiben: 1 anagrams: breiten (4) 
28.: 1 anagrams: 82. (1) 
29.: 1 anagrams: 92. (1) 
31.: 1 anagrams: 13. (1) 
32.: 1 anagrams: 23. (1) 
34.: 1 anagrams: 43. (1) 
35.: 1 anagrams: 53. (1) 
36.: 1 anagrams: 63. (1) 
38.: 1 anagrams: 83. (1) 
37.: 1 anagrams: 73. (1) 
39.: 1 anagrams: 93. (1) 
41.: 1 anagrams: 14. (1) 
reibt: 1 anagrams: breit (16) 
42.: 1 anagrams: 24. (1) 
siede: 1 anagrams: diese (145) 
43.: 1 anagrams: 34. (1) 
45.: 1 anagrams: 54. (1) 
46.: 1 anagrams: 64. (1) 
47.: 1 anagrams: 74. (1) 
48.: 1 anagrams: 84. (1) 
49.: 1 anagrams: 94. (1) 
51.: 1 anagrams: 15. (1) 
klein: 1 anagrams: linke (2) 
52.: 1 anagrams: 25. (1) 
53.: 1 anagrams: 35. (1) 
etliche: 1 anagrams: leichte (1) 
54.: 1 anagrams: 45. (1) 
56.: 1 anagrams: 65. (1) 
57.: 1 anagrams: 75. (1) 
58.: 1 anagrams: 85. (1) 
reines: 1 anagrams: seiner (3) 
59.: 1 anagrams: 95. (1) 
meiner: 1 anagrams: reinem (1) 
eigenem: 1 anagrams: gemeine (1) 
61.: 1 anagrams: 16. (1) 
62.: 1 anagrams: 26. (1) 
63.: 1 anagrams: 36. (1) 
64.: 1 anagrams: 46. (1) 
65.: 1 anagrams: 56. (1) 
67.: 1 anagrams: 76. (1) 
sieden.: 1 anagrams: diesen. (1) 
68.: 1 anagrams: 86. (1) 
69.: 1 anagrams: 96. (1) 
71.: 1 anagrams: 17. (1) 
72.: 1 anagrams: 27. (1) 
herum: 1 anagrams: umher (1) 
73.: 1 anagrams: 37. (1) 
74.: 1 anagrams: 47. (1) 
75.: 1 anagrams: 57. (1) 
76.: 1 anagrams: 67. (1) 
78.: 1 anagrams: 87. (1) 
79.: 1 anagrams: 97. (1) 
Brei,: 1 anagrams: Bier, (2) 
ausgewaschene,: 1 anagrams: ausgewachsene, (1) 
Bürste: 1 anagrams: Brüste (4) 
81.: 1 anagrams: 18. (1) 
82.: 1 anagrams: 28. (1) 
83.: 1 anagrams: 38. (1) 
84.: 1 anagrams: 48. (1) 
85.: 1 anagrams: 58. (1) 
86.: 1 anagrams: 68. (1) 
87.: 1 anagrams: 78. (1) 
89.: 1 anagrams: 98. (1) 
91.: 1 anagrams: 19. (1) 
24: 1 anagrams: 42 (5) 
92.: 1 anagrams: 29. (1) 
93.: 1 anagrams: 39. (1) 
breiten: 1 anagrams: treiben (1) 
94.: 1 anagrams: 49. (1) 
95.: 1 anagrams: 59. (1) 
96.: 1 anagrams: 69. (1) 
97.: 1 anagrams: 79. (1) 
98.: 1 anagrams: 89. (1) 
101.: 1 anagrams: 110. (1) 
25: 1 anagrams: 52 (4) 
109.: 1 anagrams: 190. (1) 
110.: 1 anagrams: 101. (1) 
eins: 1 anagrams: sein (3) 
ihn,: 1 anagrams: hin, (1) 
bleiben;: 1 anagrams: blieben; (1) 
ausgewachsene,: 1 anagrams: ausgewaschene, (1) 
119.: 1 anagrams: 191. (1) 
Brüste: 1 anagrams: Bürste (2) 
lange,: 1 anagrams: lagen, (1) 
bittere: 1 anagrams: breitet (1) 
breitet: 1 anagrams: bittere (20) 
13: 1 anagrams: 31 (6) 
14: 1 anagrams: 41 (5) 
16: 1 anagrams: 61 (5) 
tiefes: 1 anagrams: steife (2) 
diesen,: 1 anagrams: sieden, (7) 
188.: 1 anagrams: 818. (1) 
190.: 1 anagrams: 109. (1) 
191.: 1 anagrams: 119. (1) 
202.: 1 anagrams: 220. (1) 
Kreuz: 1 anagrams: Kurze (1) 
209.: 1 anagrams: 290. (1) 
Krapfen: 1 anagrams: Karpfen (10) 
220.: 1 anagrams: 202. (1) 
15: 1 anagrams: 51 (3) 
229.: 1 anagrams: 292. (1) 
sieden,: 1 anagrams: diesen, (1) 
entzwei,: 1 anagrams: zweiten, (3) 
18: 1 anagrams: 81 (3) 
zweiten,: 1 anagrams: entzwei, (2) 
lagen,: 1 anagrams: lange, (25) 
ausgewachsene: 1 anagrams: ausgewaschene (1) 
288.: 1 anagrams: 828. (1) 
290.: 1 anagrams: 209. (1) 
292.: 1 anagrams: 229. (1) 
breite: 1 anagrams: treibe (1) 
Felchen: 1 anagrams: Fenchel (1) 
303.: 1 anagrams: 330. (1) 
innere: 1 anagrams: reinen (8) 
Karpfen: 1 anagrams: Krapfen (3) 
309.: 1 anagrams: 390. (1) 
rechnet: 1 anagrams: rechten (8) 
~Anmerkung~.: 1 anagrams: ~Anmerkung.~ (26) 
330.: 1 anagrams: 303. (1) 
reine: 1 anagrams: einer (842) 
338.: 1 anagrams: 383. (1) 
339.: 1 anagrams: 393. (1) 
Steine: 1 anagrams: Seiten (19) 
saubern: 1 anagrams: braunes (2) 
383.: 1 anagrams: 338. (1) 
389.: 1 anagrams: 398. (1) 
390.: 1 anagrams: 309. (1) 
393.: 1 anagrams: 339. (1) 
fingerslange: 1 anagrams: fingerlanges (2) 
Lange: 1 anagrams: Lagen (1) 
398.: 1 anagrams: 389. (1) 
404.: 1 anagrams: 440. (1) 
ausgewaschene: 1 anagrams: ausgewachsene (1) 
409.: 1 anagrams: 490. (1) 
440.: 1 anagrams: 404. (1) 
448.: 1 anagrams: 484. (1) 
449.: 1 anagrams: 494. (1) 
welsche: 1 anagrams: welches (32) 
reinen: 1 anagrams: innere (2) 
484.: 1 anagrams: 448. (1) 
Bädern: 1 anagrams: Bänder (1) 
489.: 1 anagrams: 498. (1) 
490.: 1 anagrams: 409. (1) 
Lagen: 1 anagrams: Lange (1) 
494.: 1 anagrams: 449. (1) 
498.: 1 anagrams: 489. (1) 
505.: 1 anagrams: 550. (1) 
509.: 1 anagrams: 590. (1) 
umher: 1 anagrams: herum (11) 
breites: 1 anagrams: bereits (1) 
550.: 1 anagrams: 505. (1) 
bereits: 1 anagrams: breites (2) 
558.: 1 anagrams: 585. (1) 
559.: 1 anagrams: 595. (1) 
26: 1 anagrams: 62 (5) 
diesen.: 1 anagrams: sieden. (4) 
585.: 1 anagrams: 558. (1) 
589.: 1 anagrams: 598. (1) 
590.: 1 anagrams: 509. (1) 
595.: 1 anagrams: 559. (1) 
598.: 1 anagrams: 589. (1) 
606.: 1 anagrams: 660. (1) 
609.: 1 anagrams: 690. (1) 
Fenchel: 1 anagrams: Felchen (1) 
660.: 1 anagrams: 606. (1) 
668.: 1 anagrams: 686. (1) 
669.: 1 anagrams: 696. (1) 
686.: 1 anagrams: 668. (1) 
689.: 1 anagrams: 698. (1) 
690.: 1 anagrams: 609. (1) 
steife: 1 anagrams: tiefes (2) 
696.: 1 anagrams: 669. (1) 
698.: 1 anagrams: 689. (1) 
Fenchel,: 1 anagrams: Felchen, (2) 
707.: 1 anagrams: 770. (1) 
709.: 1 anagrams: 790. (1) 
blieben;: 1 anagrams: bleiben; (2) 
48: 1 anagrams: 84 (3) 
reinem: 1 anagrams: meiner (1) 
reifen: 1 anagrams: feiner (3) 
braunes: 1 anagrams: saubern (2) 
770.: 1 anagrams: 707. (1) 
778.: 1 anagrams: 787. (1) 
779.: 1 anagrams: 797. (1) 
787.: 1 anagrams: 778. (1) 
789.: 1 anagrams: 798. (1) 
790.: 1 anagrams: 709. (1) 
797.: 1 anagrams: 779. (1) 
798.: 1 anagrams: 789. (1) 
818.: 1 anagrams: 188. (1) 
828.: 1 anagrams: 288. (1) 
Kurze: 1 anagrams: Kreuz (4) 
Bänder: 1 anagrams: Bädern (1) 
leichte: 1 anagrams: etliche (8) 
rechten: 1 anagrams: rechnet (10) 
linke: 1 anagrams: klein (14) 
hin,: 1 anagrams: ihn, (14) 
86: 1 anagrams: 68 (5) 
117: 1 anagrams: 171 (4) 
181: 1 anagrams: 118 (6) 
180: 1 anagrams: 108 (4) 
52: 1 anagrams: 25 (9) 
143: 1 anagrams: 134 (2) 
175: 1 anagrams: 157 (3) 
163: 1 anagrams: 136 (2) 
164: 1 anagrams: 146 (7) 
53: 1 anagrams: 35 (5) 
45: 1 anagrams: 54 (5) 
118: 1 anagrams: 181 (5) 
170: 1 anagrams: 107 (5) 
176: 1 anagrams: 167 (6) 
110: 1 anagrams: 101 (3) 
105: 1 anagrams: 150 (4) 
68: 1 anagrams: 86 (6) 
171: 1 anagrams: 117 (5) 
151: 1 anagrams: 115 (5) 
106: 1 anagrams: 160 (4) 
39: 1 anagrams: 93 (3) 
91: 1 anagrams: 19 (5) 
34: 1 anagrams: 43 (4) 
119: 1 anagrams: 191 (5) 
113: 1 anagrams: 131 (3) 
35: 1 anagrams: 53 (6) 
183: 1 anagrams: 138 (1) 
72: 1 anagrams: 27 (4) 
165: 1 anagrams: 156 (5) 
184: 1 anagrams: 148 (4) 
76: 1 anagrams: 67 (3) 
78: 1 anagrams: 87 (3) 
54: 1 anagrams: 45 (3) 
185: 1 anagrams: 158 (3) 
157: 1 anagrams: 175 (5) 
46: 1 anagrams: 64 (3) 
blinde,: 1 anagrams: bilden, (2) 
156: 1 anagrams: 165 (4) 
58: 1 anagrams: 85 (1) 
47: 1 anagrams: 74 (4) 
104: 1 anagrams: 140 (2) 
146: 1 anagrams: 164 (5) 
147: 1 anagrams: 174 (3) 
148: 1 anagrams: 184 (3) 
150: 1 anagrams: 105 (6) 
57: 1 anagrams: 75 (1) 
64: 1 anagrams: 46 (2) 
65: 1 anagrams: 56 (4) 
69: 1 anagrams: 96 (3) 
59: 1 anagrams: 95 (3) 
92: 1 anagrams: 29 (4) 
71: 1 anagrams: 17 (5) 
114: 1 anagrams: 141 (5) 
115: 1 anagrams: 151 (4) 
17: 1 anagrams: 71 (4) 
Felchen,: 1 anagrams: Fenchel, (3) 
136: 1 anagrams: 163 (5) 
93: 1 anagrams: 39 (6) 
43: 1 anagrams: 34 (5) 
87: 1 anagrams: 78 (4) 
137: 1 anagrams: 173 (3) 
73: 1 anagrams: 37 (6) 
94: 1 anagrams: 49 (3) 
186: 1 anagrams: 168 (4) 
116: 1 anagrams: 161 (3) 
83: 1 anagrams: 38 (4) 
84: 1 anagrams: 48 (4) 
107: 1 anagrams: 170 (6) 
153: 1 anagrams: 135 (1) 
19: 1 anagrams: 91 (4) 
23: 1 anagrams: 32 (6) 
158: 1 anagrams: 185 (9) 
202: 1 anagrams: 220 (2) 
138: 1 anagrams: 183 (5) 
167: 1 anagrams: 176 (4) 
89: 1 anagrams: 98 (3) 
95: 1 anagrams: 59 (7) 
62: 1 anagrams: 26 (8) 
49: 1 anagrams: 94 (4) 
96: 1 anagrams: 69 (3) 
79: 1 anagrams: 97 (2) 
97: 1 anagrams: 79 (3) 
98: 1 anagrams: 89 (5) 
139: 1 anagrams: 193 (3) 
130: 1 anagrams: 103 (4) 
159: 1 anagrams: 195 (4) 
140: 1 anagrams: 104 (6) 
173: 1 anagrams: 137 (3) 
37: 1 anagrams: 73 (3) 
38: 1 anagrams: 83 (4) 
74: 1 anagrams: 47 (3) 
61: 1 anagrams: 16 (17) 
32: 1 anagrams: 23 (5) 
108: 1 anagrams: 180 (7) 
193: 1 anagrams: 139 (1) 
67: 1 anagrams: 76 (5) 
131: 1 anagrams: 113 (5) 
63: 1 anagrams: 36 (5) 
189: 1 anagrams: 198 (5) 
190: 1 anagrams: 109 (6) 
191: 1 anagrams: 119 (3) 
195: 1 anagrams: 159 (4) 
160: 1 anagrams: 106 (4) 
21: 1 anagrams: 12 (66) 
56: 1 anagrams: 65 (3) 
161: 1 anagrams: 116 (6) 
27: 1 anagrams: 72 (4) 
29: 1 anagrams: 92 (4) 
28: 1 anagrams: 82 (3) 
31: 1 anagrams: 13 (4) 
101: 1 anagrams: 110 (3) 
75: 1 anagrams: 57 (4) 
51: 1 anagrams: 15 (7) 
168: 1 anagrams: 186 (6) 
103: 1 anagrams: 130 (4) 
41: 1 anagrams: 14 (14) 
42: 1 anagrams: 24 (16) 
81: 1 anagrams: 18 (10) 
220: 1 anagrams: 202 (4) 
109: 1 anagrams: 190 (5) 
82: 1 anagrams: 28 (3) 
169: 1 anagrams: 196 (5) 
141: 1 anagrams: 114 (4) 
179: 1 anagrams: 197 (5) 
196: 1 anagrams: 169 (5) 
197: 1 anagrams: 179 (5) 
198: 1 anagrams: 189 (6) 
174: 1 anagrams: 147 (4) 
85: 1 anagrams: 58 (6) 
134: 1 anagrams: 143 (5) 
135: 1 anagrams: 153 (4) 
231): 1 anagrams: 213) (1) 
135): 1 anagrams: 153) (1) 
12): 1 anagrams: 21) (1) 
164): 1 anagrams: 146) (1) 
48,: 1 anagrams: 84, (1) 
71,: 1 anagrams: 17, (1) 
65,: 1 anagrams: 56, (1) 
17,: 1 anagrams: 71, (1) 
213): 1 anagrams: 231) (1) 
63,: 1 anagrams: 36, (1) 
123,: 1 anagrams: 132, (1) 
84,: 1 anagrams: 48, (1) 
153): 1 anagrams: 135) (2) 
158): 1 anagrams: 185) (1) 
190): 1 anagrams: 109) (1) 
185): 1 anagrams: 158) (1) 
61): 1 anagrams: 16) (1) 
36,: 1 anagrams: 63, (2) 
168): 1 anagrams: 186) (1) 
132,: 1 anagrams: 123, (1) 
56,: 1 anagrams: 65, (2) 
"und: 1 anagrams: und" (4) 
Drathflechter: 1 anagrams: Drahtflechter (2) 
(Drathbinder,: 1 anagrams: (Drahtbinder, (2) 
15): 1 anagrams: 51) (1) 
16): 1 anagrams: 61) (1) 
21): 1 anagrams: 12) (1) 
und": 1 anagrams: "und (2) 
37): 1 anagrams: 73) (1) 
51): 1 anagrams: 15) (1) 
73): 1 anagrams: 37) (1) 
109): 1 anagrams: 190) (1) 
146): 1 anagrams: 164) (1) 
186): 1 anagrams: 168) (1) 

Character Profiles (# times in anagrammable word / # total occurences):
7: 401/492 = 81.5040650406504%
9: 295/379 = 77.83641160949868%
5: 417/565 = 73.80530973451327%
1: 984/1505 = 65.38205980066445%
8: 345/563 = 61.278863232682056%
6: 439/781 = 56.20998719590269%
0: 235/426 = 55.16431924882629%
4: 427/889 = 48.031496062992126%
3: 408/978 = 41.717791411042946%
2: 581/1481 = 39.23024983119514%
~: 56/261 = 21.455938697318008%
.: 811/3932 = 20.62563580874873%
i: 4558/36730 = 12.409474543969507%
n: 4463/49921 = 8.940125398129044%
): 26/309 = 8.414239482200648%
e: 6492/81452 = 7.970338358787998%
m: 988/12663 = 7.802258548527205%
r: 1284/27846 = 4.611075199310494%
h: 772/19623 = 3.93415889517403%
": 6/200 = 3.0%
B: 57/2056 = 2.772373540856031%
A: 28/1041 = 2.689721421709894%
s: 426/25103 = 1.6970083256981239%
b: 163/9803 = 1.6627562990921145%
I: 2/126 = 1.5873015873015872%
d: 262/21192 = 1.236315590788977%
K: 18/1564 = 1.1508951406649617%
(: 3/298 = 1.006711409395973%
D: 6/599 = 1.001669449081803%
c: 134/15664 = 0.8554647599591421%
,: 97/11588 = 0.8370728339661719%
w: 43/5326 = 0.8073601201652273%
t: 243/30428 = 0.7986065466018142%
a: 189/26887 = 0.7029419422025514%
k: 44/6296 = 0.6988564167725541%
u: 124/17822 = 0.6957692739310963%
g: 74/12222 = 0.6054655539191622%
S: 25/4309 = 0.5801810164771408%
F: 7/1213 = 0.5770816158285244%
l: 110/20557 = 0.535097533686822%
;: 3/638 = 0.4702194357366771%
p: 13/3401 = 0.38224051749485444%
f: 33/8964 = 0.3681392235609103%
V: 2/730 = 0.273972602739726%
z: 10/4677 = 0.21381227282446014%
L: 2/1055 = 0.18957345971563982%
ü: 6/3984 = 0.15060240963855423%
ä: 2/2798 = 0.07147962830593281%
